F1 Score (macro):
0.4985

F1 Score (weighted):
0.4965

Mean Squared Error (MSE):
196.5511

Mean Absolute Error (MAE):
8.3087

R^2 Score:
0.0718

Classification Report:
              precision    recall  f1-score   support

           0       0.67      0.58      0.62    253377
           1       0.21      0.08      0.11    168918
           2       0.53      0.32      0.40    337836
           3       0.84      0.65      0.73    253377
           4       0.44      0.32      0.37    168918
           5       0.65      0.97      0.78    337836
           6       0.55      0.85      0.67    168918
           7       0.86      0.90      0.88    168918
           8       0.21      0.26      0.23    253377
           9       0.60      0.83      0.70    253377
          10       0.80      0.65      0.72    253377
          11       0.28      0.16      0.20    168918
          12       0.76      0.55      0.64    422295
          13       0.03      0.04      0.03    253377
          14       0.39      0.56      0.46    253377
          15       0.28      0.28      0.28    253377
          16       0.42      0.47      0.44    337836
          17       0.62      0.59      0.61    168918
          18       0.90      0.73      0.81    168918
          19       0.06      0.02      0.02    253377
          20       0.58      0.32      0.41    253377
          21       0.74      0.69      0.71    253377
          22       0.58      0.44      0.50    168918
          23       0.53      0.56      0.55    168918
          24       0.43      0.62      0.50    168918
          25       0.67      0.95      0.78    253377
          26       0.45      0.35      0.39    253377
          27       0.27      0.41      0.32    168918
          28       0.00      0.00      0.00    253377
          29       0.73      0.54      0.62    168918
          30       0.42      0.62      0.50    253377
          31       0.82      0.93      0.87    168918
          32       0.45      0.56      0.50    253377
          33       0.27      0.45      0.34    253377
          34       0.50      0.37      0.42    253377
          35       0.74      0.44      0.55    253377
          36       0.46      0.39      0.42    168918
          37       0.88      0.96      0.92    253377
          38       0.65      0.63      0.64    253377
          39       0.52      0.60      0.56    253377
          40       0.36      0.46      0.41    253377
          41       0.92      0.81      0.86    168918
          42       0.84      0.45      0.59    253377
          43       0.25      0.21      0.23    253377
          44       0.30      0.12      0.17    168918
          45       0.17      0.16      0.16    253377
          46       0.14      0.11      0.13    253377
          47       0.68      0.72      0.70    168918
          48       0.80      0.98      0.88    253377
          49       0.49      0.70      0.57    253377

    accuracy                           0.51  11655342
   macro avg       0.51      0.51      0.50  11655342
weighted avg       0.51      0.51      0.50  11655342
