F1 Score (macro):
0.4434

F1 Score (weighted):
0.4409

Mean Squared Error (MSE):
200.7175

Mean Absolute Error (MAE):
8.7471

R^2 Score:
0.0521

Classification Report:
              precision    recall  f1-score   support

           0       0.80      0.50      0.61    257385
           1       0.16      0.09      0.12    171590
           2       0.44      0.31      0.36    343180
           3       0.81      0.56      0.67    257385
           4       0.32      0.26      0.29    171590
           5       0.66      0.96      0.78    343180
           6       0.80      0.82      0.81    171590
           7       0.79      0.97      0.87    171590
           8       0.18      0.19      0.18    257385
           9       0.65      0.77      0.71    257385
          10       0.76      0.56      0.64    257385
          11       0.04      0.03      0.03    171590
          12       0.62      0.49      0.55    428975
          13       0.03      0.05      0.04    257385
          14       0.45      0.48      0.47    257385
          15       0.07      0.06      0.07    257385
          16       0.31      0.41      0.35    343180
          17       0.78      0.71      0.74    171590
          18       0.87      0.80      0.84    171590
          19       0.03      0.01      0.02    257385
          20       0.58      0.33      0.42    257385
          21       0.50      0.66      0.57    257385
          22       0.70      0.51      0.59    171590
          23       0.47      0.67      0.55    171590
          24       0.39      0.48      0.43    171590
          25       0.74      0.90      0.82    257385
          26       0.46      0.38      0.41    257385
          27       0.18      0.17      0.17    171590
          28       0.00      0.00      0.00    257385
          29       0.71      0.55      0.62    171590
          30       0.43      0.74      0.55    257385
          31       0.70      0.92      0.80    171590
          32       0.37      0.42      0.39    257385
          33       0.21      0.39      0.28    257385
          34       0.35      0.35      0.35    257385
          35       0.49      0.24      0.32    257385
          36       0.30      0.31      0.30    171590
          37       0.74      0.95      0.83    257385
          38       0.45      0.34      0.39    257385
          39       0.35      0.43      0.39    257385
          40       0.32      0.32      0.32    257385
          41       0.70      0.37      0.49    171590
          42       0.87      0.48      0.62    257385
          43       0.19      0.14      0.16    257385
          44       0.20      0.14      0.16    171590
          45       0.05      0.08      0.06    257385
          46       0.08      0.05      0.06    257385
          47       0.54      0.37      0.44    171590
          48       0.72      0.94      0.81    257385
          49       0.62      0.78      0.69    257385

    accuracy                           0.45  11839710
   macro avg       0.46      0.45      0.44  11839710
weighted avg       0.46      0.45      0.44  11839710
