65225
68011
68208
68012
70212
70266
07085
07086
07087
07088
07089
07090
07091
07092
07093
07094
07095
07096
07097
07098
07099
07071
07072
07073
67424
07075
07076
07077
07078
07079
07080
07081
07082
07083
07084
65539
70173
68538
68042
68660
68041
17725
17726
17727
17728
17729
17730
17731
17732
17733
17734
17714
17715
17716
17717
17718
67594
17719
12306
68028
69054
12329
12330
12331
12332
12333
12335
12336
12337
12338
67519
12321
12322
12323
12324
05724
70348
68007
05744
05746
05747
05748
05749
05750
65167
05735
05736
05737
09847
70230
68580
70263
68019
09865
09866
09867
09869
09853
09855
09856
67483
09857
09858
09859
09860
09861
09862
09863
24857
68292
24965
24969
24970
24971
24972
24973
24948
67715
24950
24951
11305
68870
68024
11327
11328
11329
11330
11312
11314
11315
11316
11317
11318
11319
11320
11321
11322
11323
11324
11325
11326
63219
68890
68183
63239
63240
63241
63242
66778
63233
63234
66779
66780
67066
63238
08909
68018
70326
68790
08928
08929
08922
08923
65299
67468
67470
08926
08927
70332
68592
13647
13648
13637
13638
13639
67535
13643
13644
13645
13646
14855
70015
68586
68033
14899
14900
14901
14903
14889
14891
14895
14896
14898
65717
70234
68048
21885
21886
21887
21888
21889
21890
21891
21875
21876
67660
67659
21884
27194
27219
27220
27221
27210
27211
27212
67757
27218
38482
68110
68406
38539
38540
38541
38542
38544
38531
66183
67934
38536
38538
57919
57950
57952
57953
67299
57944
57945
62152
68852
68918
68177
62173
62174
62175
62165
66743
62166
66742
67036
62171
62172
64201
68416
68190
70306
68992
64223
64224
64215
64216
67012
64217
64221
64222
64275
68192
64290
64294
64295
64296
66820
64297
64298
64299
64300
64289
01912
68001
68720
02002
02003
01989
01990
01995
67356
01996
01997
01998
01999
02000
06455
68230
70244
06475
06480
67414
06481
06482
06483
06484
06485
06486
70271
13214
13216
13217
65402
13205
13206
13207
21933
70361
68050
68674
68688
21946
65721
67663
21952
21953
21954
21955
21956
28074
70270
28125
28113
28114
28118
28119
28120
28121
28122
28123
28124
68093
70299
33285
33286
33271
33277
33278
33279
33280
33281
33282
33283
33284
34822
70308
34828
34829
67873
34833
34834
34835
34836
34837
34838
34839
36927
36945
36946
36934
36938
66146
67908
36939
36940
36941
36942
36944
38982
70345
68694
68770
68114
39001
39002
39003
67937
39004
39005
39006
38996
40114
70310
70249
68122
40120
40122
40123
67949
40124
40126
40128
40129
40130
56552
70323
68972
56573
56574
56576
56577
56578
56579
56560
56564
67275
56566
56567
56568
56569
56571
69092
57645
57646
57647
67292
57636
57637
57642
57643
62944
68330
62982
62984
62971
66769
67057
62986
62973
62987
67058
62988
63662
68187
68764
63679
63670
63671
67078
63675
63676
63677
63678
05628
05643
05644
05635
67400
05639
05641
05642
06822
68274
68010
06836
06837
06838
06840
06841
67420
06842
06843
06844
06845
07383
07403
07395
07396
67431
07401
07402
08950
08951
08952
08953
08955
08939
67465
08945
08946
08947
08948
08949
17076
68632
68035
17097
17088
17092
67578
17093
17095
17096
20976
69016
20984
20985
67642
20988
20989
20990
20991
20992
22109
22129
22130
22118
22119
67667
22124
22125
22126
22127
22128
25318
70176
68528
25337
25338
25339
25327
25328
67722
25332
25333
26688
68396
68068
26736
26739
26741
26716
67745
26721
26722
26723
26724
26726
70016
68350
68070
26977
26978
67750
26981
26982
26983
26984
26985
26986
31746
31765
31766
31767
31754
65996
31757
31758
67817
31759
31762
31763
31764
32146
68084
68085
68904
32161
32162
67827
32164
32165
32166
32167
32319
32335
32336
32337
32338
32327
32328
67829
32329
32334
34685
68794
34746
34739
34741
67872
34743
34744
34745
51054
68928
51077
51081
67188
51069
51070
51071
51072
55356
68428
68162
68624
55367
55370
55371
55372
55373
55374
55375
56835
56851
56852
56845
67278
67279
56849
56850
63191
68622
68182
70245
63206
63209
63210
63211
63212
63213
63214
64082
68189
70296
70132
64089
64092
64093
67009
67010
64094
64095
64096
64097
00618
00639
00630
67342
00635
00636
00638
02997
68003
68576
70309
03004
03006
03007
03008
67367
06326
70107
06336
06338
06339
67411
06340
06341
06342
06343
09945
70379
09968
09969
09970
65332
09961
09962
11752
68202
68027
11771
11774
11775
11776
67514
11777
11778
11779
11780
13309
13337
13330
13331
67531
67530
13335
13336
13681
13700
13701
13704
67536
13705
13706
13707
13708
13709
13710
14621
68032
70152
68988
69048
14626
14628
14629
14630
67550
14631
14632
14633
14669
14677
14678
14679
14682
14683
14684
14685
17007
68842
70049
17018
17022
65503
65504
67579
17023
17024
17025
17026
18316
68520
68044
69086
18326
18328
18331
18332
65601
67610
67611
18333
18334
18335
19255
68344
68046
70051
19262
19263
19265
19266
65635
67624
19267
19268
19269
68053
68692
68054
70376
22956
22959
22961
22962
22963
22964
22965
22966
22967
24655
24656
24657
24658
24659
24660
24642
24643
24645
24652
68086
69068
32263
32251
32252
67826
32258
32259
32260
32261
35506
68099
68974
35514
35515
67886
35519
35520
35521
35522
35523
42827
68132
68398
70246
42835
42838
67990
42840
42841
42842
42843
42953
42974
42976
42977
42963
42964
42971
42972
68288
68133
43172
43175
67081
43176
43177
43178
43179
43180
49577
68218
68510
70207
68145
49601
49603
49604
67170
49605
49606
50036
50042
50043
67177
50047
50048
50049
50050
50051
50052
51206
70355
51228
51229
51230
51234
51235
51236
58488
68294
70356
68171
58504
58505
58506
67309
58507
58508
58500
58501
62241
68178
68540
62249
62253
67038
62254
62256
62257
62258
62259
63769
68924
63804
63805
63806
63794
67003
63801
63802
63803
01382
01390
67350
01392
01393
01394
01395
01396
01397
01398
05227
68612
05236
05237
65144
67392
05241
05243
06355
65192
68338
70357
70359
06366
06367
06368
67413
06369
06370
06371
06361
06362
07957
70242
69028
07964
07967
07968
07969
67446
07971
07972
07973
08421
68368
68016
08427
08428
08432
08433
65278
67451
08434
08435
08436
08437
10146
10161
10162
10164
10166
67489
67490
10156
10160
10888
68374
10896
10899
10900
10901
67501
10902
10903
10904
13154
70030
68029
69004
13159
13162
67527
13164
13165
13166
13167
13168
15031
70119
15036
15039
15040
67555
67556
15041
15042
15043
70029
23782
23772
23773
23777
67697
23778
23779
23780
28187
70295
68954
28206
28207
28208
67776
28212
28213
28214
30830
68320
68079
30847
30848
30849
30837
30838
67802
30841
30842
30843
66038
68636
70325
68089
32951
67840
32956
32957
32959
66111
68810
35457
35460
35461
67890
35462
35463
35464
35465
35466
35467
37879
70237
68544
37885
37887
37888
37889
37890
67925
37891
37892
37893
37894
40816
68364
68125
40838
40839
40842
40843
67958
40844
40845
40846
40847
41008
68446
70211
68127
41031
41033
41034
67961
41035
41036
41037
45252
70378
45266
45268
45269
45270
67111
45271
45272
45273
45432
68137
68726
70247
45439
45440
45441
67114
45442
45443
45437
68142
48122
48123
48124
48126
67143
48111
48112
67142
48117
48120
68856
49179
49180
67159
67161
49184
49185
49186
49187
49188
53258
68336
70335
53272
53276
53277
67227
53278
53279
57273
57279
57280
57281
67287
57288
57289
57290
57291
58359
70026
58364
58367
58368
67306
58369
58370
61804
68248
61811
61813
61814
61815
61816
61817
61818
61819
62077
62113
62104
62105
67034
62109
62110
62111
62112
62479
68179
70069
68722
62504
62507
62508
67044
62509
62510
63325
70333
68766
63330
63331
63333
63334
67068
63335
63336
63337
64260
68191
68964
70240
64267
64268
64269
67013
64270
64271
64265
04614
68956
04621
04622
04626
04627
04628
04629
04630
04631
68626
05103
05092
05093
67389
05099
05101
05102
07929
68594
07939
07941
65262
67445
07942
07943
09431
09530
09531
09534
67477
09535
09536
09537
09538
10189
67491
10193
10194
10195
10196
10197
10199
10965
68376
68021
68900
10974
10975
10976
65364
67502
10971
14172
14190
14178
14179
67545
14185
14186
14187
14188
16190
68034
68666
16196
16197
16199
16200
16201
16202
16203
17317
70264
68038
17329
17331
17332
17333
65520
67583
17334
17335
17336
25674
70241
69066
25691
25692
25693
25694
67729
25695
25688
25690
26122
68424
68064
26173
26174
67737
26167
26169
26170
26172
26757
68069
70221
68984
69088
26775
67746
26776
26777
26778
26779
26770
26832
26838
26841
67747
26842
26843
26844
26845
26846
29628
29650
29651
29652
29653
29654
29659
29660
29661
31841
70320
31846
31849
31850
66000
67821
31851
31852
31853
31854
31855
31856
32373
32393
32395
32397
32398
67831
32392
32598
68088
70205
32609
32610
32613
67835
32614
32615
32616
37120
68104
68832
37147
37149
37150
37151
37152
37128
37130
37134
67914
37135
45835
45841
67119
45845
45846
45847
45848
45849
45850
45851
46260
68400
68138
70274
69034
68139
46273
46275
67125
46276
46270
46271
46712
68664
70239
46738
46739
46740
67129
46741
46742
46735
46736
48507
48515
66415
66416
67149
48518
48519
48520
48521
68762
48816
48817
48818
48819
67153
48824
48827
48804
48805
48814
70231
51349
51350
51351
51352
67195
51357
51358
51360
51494
68152
68776
51516
51517
51505
51506
67201
51514
51515
52834
70122
52864
52865
52866
66519
66518
67221
52867
52861
56652
68228
56697
56703
56704
56705
56695
56696
57034
68412
68168
70034
57083
57084
57085
67280
57086
57087
57081
57037
68166
57043
57046
57047
57048
67282
57049
57050
57051
62728
68740
70304
62744
62749
67052
62750
62751
62752
63279
70213
63286
66781
67067
63290
63291
63292
63574
68572
68714
68186
63594
63595
63596
66795
67076
63591
63593
64049
70261
64062
64064
67008
64066
64067
64068
64303
70347
64310
64312
67014
64313
64314
64315
01457
68276
70219
01467
01468
01469
01470
01471
01465
04694
04716
67381
04720
04721
04722
04723
04833
04853
65131
67385
04859
04860
04861
04862
04864
05296
05301
05302
05304
05305
67394
05307
05308
05309
05310
06550
06557
65204
65205
67415
06560
06561
06562
06563
08478
68566
08489
08490
08491
67453
08492
08487
65556
08713
08695
67460
08697
08698
11552
70298
70033
68025
69024
11565
11566
67510
11562
11564
11638
11630
67513
11636
11637
11704
68026
70206
11714
11715
11716
11717
67512
11718
11712
13258
68756
13270
13271
13272
67528
13276
13277
13278
13279
14450
68652
14455
14456
14459
65432
67549
67548
14460
14461
14748
70334
68858
14754
14758
14759
14760
20064
20073
65652
65653
65654
20075
20076
20077
21052
21076
67643
21079
21080
21081
22071
70083
22088
22089
67666
22096
22097
22098
23567
68214
70342
68952
23575
23576
65782
67691
23577
23578
23573
25037
70259
25074
25075
67723
25076
25071
26506
70284
26528
26533
67743
26534
26535
26536
26537
27762
68514
70085
27772
27773
27774
67765
27775
27769
27771
31896
31902
31904
31905
66002
67823
31906
31907
31908
31909
32298
70297
32305
32307
32308
32309
67828
32310
32311
32312
32673
32675
32677
32663
67836
32664
33450
33478
33481
67852
33482
33484
33485
33486
34009
34010
67861
34013
34014
34015
34016
34017
34018
37575
68480
68106
37587
37588
37589
67922
37590
37583
37584
37586
39604
39629
39633
69040
39630
39631
67944
39634
39635
39628
42196
68646
68129
42228
42234
67981
42236
42237
42238
42239
43519
70198
43526
43527
43531
43532
43533
43534
43535
44677
44685
44688
44689
66335
67107
67105
44690
44691
47174
68141
68864
70375
47180
67134
47184
47185
47186
47187
50846
50853
50854
50857
50858
50859
50860
50861
50862
50852
53290
53297
53298
66533
66534
53302
53303
53304
53305
54548
68914
54559
54560
54564
54565
54566
54567
55768
70022
55774
55775
55778
55779
55780
55781
55782
57519
57532
57533
57536
67290
57537
57539
57540
57541
58588
68488
68172
58595
58596
58597
67310
58598
58599
58600
59203
59213
59218
59219
59479
68478
68173
59501
59504
66672
67323
59505
59506
63415
68184
70265
63423
63424
63425
63426
66791
67069
63427
63420
63421
64351
64384
64386
64387
64388
67015
64389
64390
64391
00412
00419
00422
00423
65002
65003
67339
67341
00424
00425
00426
03117
03123
03126
03127
03128
03129
03130
03131
03434
70124
03440
03442
03443
67371
03444
03445
04790
04800
04804
67384
04805
04806
04895
04901
04902
04904
67387
04905
04906
68990
70254
05474
05475
67397
05477
05479
05595
05603
65158
65159
67399
05607
05608
05609
07436
69002
07459
07460
07461
67433
07462
07457
08363
08371
08374
08375
08376
67450
08377
08378
08379
09178
70200
09184
09187
67475
09188
09183
09719
09724
09727
09728
65324
67481
09729
09730
09731
09732
10099
68020
69056
10108
67487
10114
68800
10465
10469
10470
67495
10471
10472
10473
10474
10696
68554
10712
10713
10714
10715
10706
10707
11197
11201
11202
11204
11205
11206
67504
11209
11210
11212
11214
68654
11255
11256
11257
11259
11264
11265
11267
11268
13133
13139
13141
13146
13147
13148
13542
13547
13548
67534
13552
13553
13554
13555
70149
13809
13810
13811
13812
13813
13801
13802
14780
14797
14800
14801
67553
14802
14803
16581
16588
16590
16594
16595
16596
16597
16598
65535
68746
68040
70250
17661
67593
17664
17665
17658
17751
68476
70262
17763
17764
17765
17770
17771
17773
17825
17826
17829
67595
17830
17831
17832
21248
21250
21252
21239
67646
21246
21425
21438
21439
21440
21441
65696
67653
21442
21435
21437
22798
70129
22818
22809
65755
67673
22814
22815
23945
69060
23954
67700
23955
23956
23949
24023
68242
68798
68056
24032
24033
67702
24028
24030
24031
24590
68840
24612
24613
24614
67709
24610
25240
25249
65840
67721
25251
25252
25253
26938
26947
26948
26953
26954
26955
26956
27254
68072
68610
27269
27271
27272
65892
67758
27273
27267
27917
27927
67769
27931
27932
27933
27934
28157
70373
28166
28167
28168
67777
28169
28163
28165
28461
68772
28470
28471
28472
67781
28473
28467
28468
30158
67794
30163
30164
30165
30166
30168
31147
69006
31153
31154
31159
31161
31163
31165
68090
33224
33229
33231
33210
33211
33212
33220
33221
33537
70019
68574
33543
33544
33545
66078
67853
67851
33540
33541
34558
68226
70082
34582
67871
34585
34586
70217
35305
35296
35297
67880
67881
35301
35302
36826
70222
36832
67906
36837
36838
36839
36840
36912
68268
68102
70052
36920
36921
36922
36917
36919
37356
68105
69044
37371
37372
67917
37373
37368
38103
38128
38129
38131
67929
38132
38133
38585
68452
68920
68111
38593
38594
66186
38589
38591
38592
39454
68826
39461
39465
67943
39467
39468
66248
70172
40183
40184
40174
40175
66249
67950
67951
68126
40993
40994
67959
40995
40996
40989
40990
41306
41318
41320
66265
41323
41324
41325
68380
70151
41455
67965
41456
41457
41451
41819
70210
70267
41828
41829
41830
41831
67971
41832
41833
41825
43037
70177
43063
43064
43065
66298
43066
43067
43059
43060
43213
70220
68670
43225
43226
67083
43221
43223
43224
44080
68706
68738
44089
66320
44090
44091
44084
44364
44372
44375
44376
67097
44377
44378
47655
70170
68996
47663
47664
67139
47665
47666
47660
48038
68898
48047
48049
66405
48052
48053
48054
48055
48045
48898
48905
67154
48909
48910
48911
48912
48913
49127
49136
49137
49138
67157
49139
49140
49133
49244
49249
49253
67162
49254
49255
66478
68284
68466
70209
68154
51630
51633
51637
51772
70351
68548
51779
51780
51781
67204
51776
52550
52558
52559
67214
52562
52564
52565
52566
53190
68159
68978
53215
53216
67226
53211
53213
53214
53453
70188
53489
53490
53491
67230
53492
53493
53487
55332
55344
55345
55346
67256
55347
55348
55342
57035
70204
68167
57065
57066
57067
67281
57068
57062
57781
57786
57787
66603
66604
57792
57793
57794
58782
58789
58790
58792
58793
67314
58794
58795
59298
68496
59311
66665
67319
59317
59318
59319
59320
60345
70256
60351
67334
60355
60356
60357
62267
62278
62280
62281
62282
66746
67039
62283
62284
62277
63079
68181
68998
63088
63089
63090
66774
67061
63091
63085
64423
64432
64435
64436
64437
64438
64439
64440
64431
02227
70037
02234
02235
02236
65061
02237
02238
02232
02581
02590
02591
02592
67363
02588
03266
03276
03280
03281
03282
04484
04512
04513
04514
67377
04510
70164
04596
04597
67379
04602
04603
04604
04595
04764
70031
04773
04774
04775
67383
67382
04771
05270
05281
05282
05283
05284
67393
05285
05279
05800
05805
05806
05809
05810
67404
05813
05814
05815
05816
07803
68828
07814
07815
07809
07812
07813
65314
09462
09463
09464
09470
09472
09473
09773
09782
65325
67480
09783
09784
09785
09786
09914
09923
09925
09926
10260
70064
10273
10274
10275
67492
10270
10272
13467
13474
13475
13476
67532
13477
13478
13471
13472
13850
70363
13861
13862
13863
67539
13856
13857
15317
15324
15331
15332
15368
67559
15372
15373
15374
16437
70153
16442
67574
16447
16448
16449
16450
16961
70341
68426
16971
65500
67577
16973
16975
16976
68039
68782
17601
17602
67588
17604
17605
17607
17597
18270
18295
18296
18297
65597
67607
18298
18293
18301
70079
68043
68966
18313
18315
67609
18309
18312
18485
70065
18489
18491
67612
18496
18497
18498
19402
19413
65638
65639
19417
19418
21202
21220
21221
21210
67647
21217
21218
21219
21272
21277
67649
21284
21285
21286
22537
22554
22555
22556
22557
67672
22558
22552
23579
70257
23586
23587
23588
67692
23589
23584
24718
68334
24729
67710
24731
24732
26250
26256
26258
65873
26260
26261
26262
26559
68065
68352
26576
67744
26577
26571
26572
27013
27047
27048
67752
27053
27055
27056
27057
28134
70303
28141
28142
28146
28148
28149
28150
28306
28313
67778
28316
28317
28318
28319
70236
68616
28433
28427
28435
28428
28436
28432
29134
29142
29146
29147
29140
29141
30227
30237
30238
67793
30240
30241
30242
68080
69000
31323
31324
67810
31317
31318
31321
31322
31641
31654
31656
31657
31658
67815
31659
31660
66017
70158
32454
32455
32456
32457
32458
32451
32453
35117
35118
35122
67875
35123
35125
35126
35353
70066
35367
35368
35369
67882
35365
36044
68562
68100
36052
36053
67893
36054
36055
36056
36049
36645
70075
68628
36653
36657
67901
36658
36659
36660
36732
68608
70305
36740
36741
67904
36737
36739
36774
36785
36787
36788
67903
36789
36790
36791
68328
37102
37091
67913
37100
37773
70180
37791
37792
37795
37796
37983
70337
69008
37991
37992
67926
37993
37988
37990
38281
70021
70050
69036
38288
38289
38292
38293
38286
38314
70338
68584
38322
38323
38324
38319
38321
38614
70280
68934
38628
38629
38630
38631
38632
38625
38654
70187
38688
38689
38690
67933
38691
38686
38765
68774
38864
38865
38866
38867
38868
38862
39087
39094
39095
39096
67940
39097
39098
39099
39092
39402
39449
39450
39451
39452
39453
39445
39446
39448
39582
68342
68118
39594
39595
39596
39590
39593
41510
67968
41512
67966
41513
41516
41514
41515
41578
68736
41608
41597
41602
41604
41606
41607
42242
42250
66281
42254
42255
42256
43922
70061
43936
43937
43938
67093
43934
48965
48977
48980
67155
48981
48982
48983
49327
49333
49336
67164
49337
49338
49331
49332
49367
49376
49377
49381
49382
49383
49384
49375
49652
49660
49661
66433
67173
49662
49663
49657
50035
50057
50062
67176
50064
50065
50066
68150
70315
51134
51137
67191
51138
51139
51140
51132
68508
68600
68151
51185
67190
67192
51179
51182
51183
51702
51711
67202
51712
51713
51707
51882
68680
51888
67206
51892
51893
51894
52314
68157
68912
52324
67212
52319
52321
52322
52323
53363
70225
53372
53373
53374
66536
67228
53375
53368
55035
68564
55047
55051
55052
66563
55055
55056
55046
56315
66585
56316
56317
56310
56311
56800
68165
68868
56828
56829
56830
67277
56827
57298
57305
57308
57309
57310
57312
57313
57430
57443
57444
57445
57446
57447
57440
57653
68796
57663
57664
66598
57665
57666
57667
57658
57954
57980
57981
57982
67300
57976
57978
57979
58286
68560
58299
58301
58302
67305
58303
58297
58676
70346
58685
58686
58687
58680
59238
70179
59250
59254
66664
67317
59256
59258
59259
60543
60553
70215
66704
67018
60554
60555
60556
60550
61031
61060
61061
61063
61065
67022
61066
61067
61068
61070
61913
61919
61922
66736
67031
61923
61924
61977
61985
67033
61988
61989
61990
61991
61998
61999
67032
62001
62002
62003
62706
62714
62715
67051
62716
62717
62711
62901
70186
62913
62914
62915
66765
67055
62911
62921
62928
62929
62930
67056
62926
63062
68372
63071
63075
66773
67064
63076
63077
63102
68382
63111
63112
63113
66775
67062
63107
63109
63110
68185
63475
63476
63477
67072
63478
63472
63474
63750
63758
63759
63761
66803
63762
63763
63757
01429
70279
68422
01441
01442
01437
01440
01482
01491
01493
01494
67352
01495
01488
02102
02111
67357
02112
02107
03053
70155
03063
65087
67368
04183
04191
04195
04196
04198
04341
04350
04351
04352
65115
04346
04349
04866
04874
04875
65132
67386
04871
05193
70041
05200
05201
05202
65142
67391
05204
05197
05488
67396
05494
05495
05496
05497
05498
05852
05859
05860
05861
67405
05857
06062
70328
06074
06075
06068
06070
06071
06072
06073
06643
06656
06657
06658
67416
06653
65229
07199
07200
67427
07201
07202
07203
07194
07369
70318
07379
07380
67430
07381
07382
07374
07413
70238
07424
65244
67434
07419
07422
07423
07469
07476
07477
07478
67436
07479
07474
07593
70063
07603
07604
67439
07599
07602
08586
70228
69064
08595
67458
08591
70268
69078
09240
67473
09245
09246
09249
10395
70060
10399
10406
10407
10408
10410
10411
10412
10435
10451
10452
65351
10453
10448
10624
10628
10630
10639
10640
10641
10768
68658
10776
10777
65358
67499
10773
10775
13169
13180
13181
67526
13182
13178
14276
14294
14295
14296
67546
14297
14298
14290
14485
14471
14472
14473
14474
14484
15092
15102
15103
15097
15098
15153
15164
15165
15166
67557
15161
15169
15179
15180
67558
15174
15175
15178
15527
15535
15536
67561
15537
15532
16402
16411
16412
67572
16408
16410
16889
16896
16898
67576
16899
17422
70045
17436
17432
17434
17435
17919
17938
17939
65549
17934
17937
18145
18160
18161
67603
18157
18159
18190
18202
18203
18204
67604
18198
18200
18201
18218
18226
18227
67605
18228
18222
18223
18224
18769
18776
18777
18778
67617
18779
18774
19230
68512
68045
19239
67625
19234
19235
19237
19238
19556
19564
19565
19566
19567
19562
20362
20371
67634
20372
20373
20368
20434
70218
20442
20443
20444
20445
20439
21184
21186
21187
67645
21177
21689
21709
21710
21699
67655
21707
21708
68896
70134
21860
67658
21863
21856
22131
22138
22139
22140
65732
67668
22141
22136
22137
22491
68792
70043
22498
22500
67671
22501
22502
22642
22643
22645
22646
22629
22633
22634
67674
22712
70203
22722
22723
22719
23637
70020
23645
65785
67694
23641
23643
23644
24405
70055
24445
24447
67707
24441
24444
26491
70133
26502
26503
67742
26498
26500
26501
27171
70017
68236
27180
67755
27181
27182
27183
27184
27175
27580
27597
27598
27599
27600
27601
27604
27594
68404
70150
28040
28042
67773
28043
28044
28647
28653
28656
65918
67783
28657
28658
29064
67786
29070
29072
29073
29074
30467
30473
30475
30476
65960
30477
30478
30927
30938
30942
67803
30944
30945
30946
30973
30982
67804
30986
30987
30988
31723
31736
31738
31739
67816
31740
31734
31777
31779
31780
65997
67818
31782
31783
31785
32200
32210
32211
32212
32213
32214
32208
32281
32287
32288
32289
32290
32291
32293
32286
32806
32816
32818
32819
32820
67838
32962
32969
32970
32971
66065
67842
32972
32967
34955
68326
34963
34964
34965
34960
34962
35524
68696
35532
35533
67887
35534
35529
35531
66128
70302
36250
36251
67896
36246
36259
36267
36268
67897
36269
36265
70113
36339
36340
36344
36348
36350
36351
36677
36684
36685
36686
67902
36687
36682
36856
70278
69022
36864
36865
67907
36866
36861
36991
69096
36999
37000
67909
37001
36997
37849
37857
67924
37863
37864
38081
70038
38091
38092
67927
38088
38090
38176
68532
70324
38186
67931
38180
38182
38183
38184
38185
38329
70277
68716
38343
38344
38345
67932
38339
38342
39846
39855
67946
39856
39857
39852
41920
68346
70144
41930
41931
67974
41926
41929
41937
70068
41944
67975
41947
41948
42419
68704
68130
42431
42433
42434
42426
42427
42429
42649
68131
42659
42660
67982
42655
42657
42658
43335
68134
43346
43347
43348
66303
43349
43343
66304
43460
43461
43462
43448
43449
67086
43678
43685
43686
43687
67089
43688
43689
43683
43828
43837
67092
43838
43839
43831
45754
45764
45765
45766
67118
45767
45761
45965
70121
46000
46001
66369
67121
45997
45999
46287
46305
46294
46302
47485
47495
47497
47498
47499
66393
67136
47501
49475
49485
49486
66432
67167
49487
49481
49627
70143
49639
49640
67171
49636
49638
49689
49696
66434
49706
50407
50413
50416
50418
50419
50420
50412
50834
69058
50842
50843
50844
50845
50840
51901
68570
51924
51925
67207
51926
51927
51920
52502
52513
52514
52515
67213
52511
52707
52718
52719
52720
66515
67217
52715
52717
52913
52924
52925
52926
66522
67223
52922
52923
53023
68432
70071
68158
67224
53027
53029
53030
53693
53705
53708
53709
53710
54413
54445
54446
67241
54447
54441
54442
54819
70300
54827
54828
54824
54826
55298
70096
55306
55307
55308
55303
55305
55312
70362
55320
55321
67255
55317
55319
66581
55861
55862
55863
67262
55864
55858
56080
56087
56088
56090
56091
56092
57815
70223
57831
57833
57834
67293
57830
58443
70108
58452
67308
58449
67311
58659
58660
58661
58731
58738
58739
58740
67313
58741
58742
58735
58737
58804
70349
58812
58813
58814
58809
58811
59143
70191
59154
59155
66661
59152
59366
59372
59374
59375
66667
59376
59378
59540
59553
59554
59555
66673
67322
59549
59550
59552
59760
59770
59771
59772
59773
59774
59766
59767
60450
70331
68498
60465
67335
60461
60463
60464
61141
68640
61149
61150
67023
61145
61147
61148
62637
67049
62647
62648
62649
62650
62729
70377
62737
62738
66760
62735
00588
00598
00601
00602
00603
01194
01211
01212
01215
01216
01217
01411
01426
01427
65030
67351
01428
01423
01551
01562
01564
01555
02041
02051
02052
02047
02050
02348
68002
02356
67360
02352
02354
02355
02539
02547
02548
67362
02543
02546
02707
70275
02718
02714
02716
02717
02818
70095
65079
02827
02829
02830
02831
02832
02833
68812
03243
03244
03245
03246
03239
03469
70142
03485
03486
65097
67372
03483
03625
68266
68004
68408
68005
03637
03640
03641
03642
04165
68250
04176
04172
04174
04175
04422
04432
04433
65118
04434
04428
04436
04444
04445
67376
04446
04442
04678
04686
04687
67378
04683
04685
65139
05111
05115
05116
05117
05118
05651
05658
05659
05660
67401
05661
05655
05699
05713
67402
05715
05711
05921
05930
05931
65173
67407
05927
05929
06176
65182
06202
06195
06196
06425
06437
06438
06439
06433
07258
68013
68494
65233
07273
07275
07276
07277
08608
08620
08621
65285
65286
67457
08615
08669
08679
08680
08675
08840
08848
08849
67466
08845
08847
09312
09314
67474
09570
09579
09580
67479
09575
09577
09578
09891
09899
09900
67485
09895
09897
09898
10134
10142
10143
10144
10139
10140
10577
10586
10587
67497
10582
10584
10585
11030
68410
11042
11038
11039
11041
11356
11365
67506
67505
11363
12111
12121
12122
12117
12119
12120
12222
12229
12230
12231
67518
12227
12870
12878
12879
65399
67524
12875
12967
12975
12976
67525
12977
12972
12974
13311
70181
13320
65407
13314
13315
13317
13318
13319
13349
13357
13358
13359
13353
14374
14382
14383
14384
14385
14377
14381
14829
68614
14843
14844
14845
14838
14840
14841
15421
15429
15430
67560
15427
15594
15609
15610
15604
15605
15608
65467
15729
15730
67565
15731
15732
15726
15769
70229
15781
15777
15778
15779
15780
15932
15940
15941
65472
15937
15939
16123
16132
16133
16134
16128
16129
16130
17122
17151
17152
17153
65510
67580
17150
65554
18066
18067
18068
18060
18062
18063
18064
18065
18271
18277
18278
18282
18283
18521
18529
18530
67614
18531
18532
18785
70195
68910
18792
18793
65621
18799
18801
18876
65625
18877
67618
18878
18882
18883
19103
19117
19118
19119
19112
19113
19116
19325
70146
19334
19335
19329
19331
19332
19333
19679
19693
19694
67631
19695
19690
19752
19767
19768
19769
19770
19763
20137
20144
20148
20149
20374
20385
20386
65659
67635
20382
20384
20693
20703
20708
20709
20711
20792
70100
20801
20796
20798
20799
20800
21393
68582
21417
21410
21414
21415
21416
21548
21558
21559
67652
21561
21562
21563
21555
22269
22279
22280
65739
67669
22275
22277
22278
22739
68052
70058
22747
22749
22750
22836
70273
23000
65756
67675
22995
22997
22998
22999
23047
23053
23054
23055
23056
23439
23450
23451
65779
23446
23447
23449
23541
70027
23546
23550
67690
23551
70163
23672
23673
67695
23669
24580
24588
24589
67708
24585
24587
24909
24921
24922
67716
24918
24920
25370
25379
25380
25376
25404
70330
25413
67724
25410
25412
25628
25634
25635
25637
25640
25649
25650
25651
67728
25646
67731
67732
25921
25923
25924
25925
25926
25975
25983
25984
65867
67734
25980
25981
26312
26316
26318
26321
67741
26323
26326
27150
27158
27159
65888
67754
27156
27387
27417
27409
67759
27410
27414
27415
27568
27574
27576
67761
27579
28375
28383
28384
67779
28385
28380
28382
28438
70147
28443
28444
28450
28452
28453
28454
30383
30391
30392
67796
30387
30389
30390
30457
30458
30461
30463
30464
32509
32517
32518
67833
32513
32515
32516
33048
68206
70226
67843
33054
33056
33057
33058
66067
33122
67844
33124
33125
33126
33128
33638
33647
67855
33648
33644
33645
34118
34125
34133
34134
34136
34137
34210
34212
34213
67866
34215
34385
34393
34394
67867
34395
34389
34391
34392
70103
35346
67883
35342
35343
35345
35944
35949
35951
35953
67892
35956
37464
37477
67920
37472
37474
37475
37476
37945
37963
37964
37965
37967
37960
39031
68117
68824
39035
39037
39038
39039
39040
70214
39745
39746
39749
39750
40463
68362
40471
40476
40477
41661
70311
41670
67970
41665
41667
41668
41669
42695
42709
67984
42705
42707
42708
43570
43578
43579
43580
43574
43576
43577
43900
70125
43911
43905
44034
44048
44049
67094
44056
44058
66325
44351
44339
44340
44348
44349
44350
44469
44477
44478
66330
67102
44472
44475
44476
44598
44609
44610
44611
67106
44605
44608
45474
45486
45487
67115
45482
45484
45485
45852
45860
45861
45856
45858
45859
46339
70353
67126
46370
46371
46375
46425
46435
46436
66375
67127
46432
46434
47103
47111
47112
67132
47108
47110
47602
47613
66396
47614
47615
47609
47610
48738
70159
48744
66419
48748
48749
48750
48752
49073
70062
49084
67158
49080
49082
49083
49537
49545
49546
67169
49547
49541
49543
49544
50263
68830
50270
50272
50273
50274
50502
50509
50510
50511
67180
50512
50507
51325
51336
51337
51338
67197
51339
51340
51332
51813
51820
51821
51822
66484
51823
51824
51816
52570
52583
67215
52588
52589
52613
52622
52623
66511
66512
67216
52618
52619
53046
53073
53069
53071
53072
53413
53421
53422
66537
53423
53418
53419
53427
70059
67229
53430
53432
53433
53434
53543
53551
53553
53554
53555
53549
54069
54079
54086
54087
54078
54204
54212
54213
66551
67236
54208
54210
54211
54870
54885
54886
67248
54881
54884
54991
55002
55003
66562
54996
54997
55001
55069
55077
67250
55073
55075
55076
55145
70192
55157
66569
67253
55153
55155
55156
55169
55183
55184
67252
55180
55197
55205
55206
67254
55201
55203
55204
55274
55284
55285
55286
55280
55656
55666
55667
55668
55662
55665
55730
55738
66579
67263
55734
55736
55737
56157
56165
56166
67269
56167
56162
56164
56294
56302
56303
56304
56305
56299
56301
57131
57140
67284
57141
57135
57669
57674
57675
66599
67294
57678
57679
57680
57673
57757
57766
57767
57768
57760
57761
57801
57808
57809
57811
57812
57805
58023
58031
67303
58028
58030
58384
58395
58396
58397
58390
58391
58394
58933
70165
58943
58944
58938
58939
58942
59902
70024
59911
59912
59913
59907
59958
67328
59961
59963
59965
59966
60759
60767
60768
67021
60764
60766
60850
60858
60859
60860
60855
60857
62458
62447
62448
62454
62455
62584
70123
62593
67047
62589
62592
62684
68468
62697
66757
67050
62693
62695
63358
70350
70292
63363
63369
63370
63371
63372
63374
63399
70086
63410
66790
63406
63409
63830
63838
63839
66807
67004
63840
63841
63834
63872
70301
63878
63881
67006
63882
63877
63947
68876
63968
63961
64401
68606
70366
64419
67016
64415
64417
64418
00972
00973
00966
01721
01733
67354
01734
01728
02158
02167
02168
02164
02173
02176
02179
02180
02181
02473
02482
02483
02479
02517
02524
02525
65067
67361
02520
02522
02523
02564
02570
65072
67364
02575
02941
02959
67366
02961
02955
03328
03344
67369
03340
03343
03360
03368
67370
03363
03365
03366
03367
03422
03423
03426
03427
03429
03430
03570
03571
67373
03566
03569
03587
03599
03602
67374
04039
04048
04043
04046
04047
04056
04066
04067
04075
04076
04065
04814
04825
04829
04830
04831
05068
05071
05074
05165
70128
05178
67390
05174
05176
05756
05767
65168
05760
05761
05764
05765
05766
05959
05967
65175
67406
05963
05966
06407
06417
06418
06419
06412
06413
06526
06536
06530
06531
06534
06535
06929
06937
65221
67421
06934
06941
67423
06950
06952
06953
06954
07226
07234
67426
07229
07232
07233
07236
67428
07246
07247
07241
07259
07268
07269
07263
07284
67429
07289
07291
07292
70166
07302
07306
07309
07490
07498
65249
65248
67437
07494
07496
07497
08118
08127
08122
08124
08125
08126
08330
68960
08353
08359
08360
08361
08439
08455
67452
08451
08453
08454
08739
08754
08755
08750
08751
08858
08867
08868
08864
08897
08905
67469
08901
08903
08904
09149
09154
09156
09160
65305
09161
09162
09164
10588
10597
10598
10593
11812
11827
11828
67515
11822
11826
11900
11911
65381
11907
11909
11910
65394
70102
12593
12589
12591
12592
13654
13664
13658
13660
13661
13662
13663
15556
15564
65462
67563
15562
15563
15807
15816
15817
15812
15825
15833
15835
15830
15832
16066
65476
67567
16070
16071
16072
16073
17123
17130
17134
17135
17588
17589
67590
17584
17587
17624
17634
17635
17636
67591
17629
17907
17918
67598
17913
17916
17945
17955
67600
17950
17952
17953
18027
70039
18031
18033
18034
18035
18036
18137
18144
67601
18141
18143
18164
18183
18184
18177
18181
18182
19456
19464
65640
67628
19460
19461
19463
19798
65648
19844
19846
19847
19848
19849
20152
70286
20160
20161
65655
20162
20159
65657
68212
68047
20235
67636
20228
20231
20232
20387
20397
20398
65660
20400
20401
20394
20402
20409
20412
20413
20414
20736
20743
20744
20747
20748
21319
21332
21333
21334
21326
21330
21331
21394
21401
21403
21404
21405
21400
22683
22702
22697
22698
22699
22701
22907
22919
22920
22916
22918
23326
23336
23337
67684
23338
23333
23626
23634
65784
67693
23631
23633
23865
23876
23877
23878
23871
23872
23875
24056
70042
65801
67703
24058
24060
24061
24062
24063
24867
24873
65829
24878
24879
24881
25003
25018
65833
67718
25016
25024
68662
70114
70321
25030
25034
25182
25191
67719
25187
25189
25190
25428
70329
25436
67725
25433
25481
70312
67726
25487
25488
25820
25830
25832
65859
65860
25827
65865
25968
65866
67733
25963
25964
26294
26303
67740
26299
26301
26302
26697
68392
68067
26704
26708
26709
26710
26702
26831
26855
26857
26858
26859
26860
27249
27284
27285
27277
27278
27983
70106
28002
28003
67772
27998
28000
28001
28772
28782
28783
67784
28777
28778
28779
29087
29095
29096
67788
29091
29094
29171
29722
29724
29725
29726
29380
29391
29387
29389
29390
29865
70162
65942
29869
29871
29872
29873
30051
30060
67792
30056
30058
30059
30674
30682
67799
30678
30680
30681
32692
32701
67837
32698
32700
32885
32893
32894
66037
67839
32890
32892
33303
33319
66072
33315
33317
33318
33390
70109
67849
33394
33396
33397
33398
33451
33462
33463
33465
33466
33459
34869
34871
34872
34873
34865
34866
35147
35161
35162
35163
66107
67876
68524
70099
67877
35221
35225
35226
35371
35384
67885
67884
35382
68672
36608
36609
36610
36611
37045
37048
37049
67911
37051
37053
37044
37201
37202
66154
67916
37197
37199
37200
37313
37321
37322
37324
37317
37319
37320
37332
68286
37341
67918
37336
37338
37339
37395
70291
37429
37431
37432
37396
68778
70368
37404
37405
67919
37909
37912
37913
37916
37917
38008
38020
38021
38016
38017
38061
38070
67928
38071
38066
38068
38721
70253
38737
38732
38734
38736
39503
70036
39512
39513
39514
39508
39992
39993
39994
39995
39996
39988
39989
40010
40018
40019
66240
40021
40015
40308
40321
67952
40316
40318
40319
40320
41354
41360
41361
41363
41364
41365
42752
67987
42756
42757
42758
44267
44281
44277
44279
44280
44422
70255
66328
67100
44425
44427
44428
44429
44491
44500
67104
44494
44497
44498
44499
44828
44837
66337
44832
44834
44835
44836
44896
70154
66339
67108
44899
44901
44902
44903
45494
45514
45516
45517
45518
45519
45684
45692
67117
45688
45690
45691
45777
45789
45784
45787
45788
45905
45916
67120
45911
45913
45914
46155
46182
67123
46177
46180
46181
46997
47008
47009
47004
47006
47007
47458
47469
47464
47465
47467
47468
70057
67138
47670
47673
47674
47675
47676
47782
47794
47791
47792
47793
48207
48214
48215
48222
48224
48249
48258
66410
67145
48254
48256
48257
48603
48614
48609
48612
48613
50107
68444
67178
50123
50126
50127
50128
50138
70360
50141
50142
50145
50146
50328
50338
50339
50340
50341
50333
50334
50719
68420
68146
67182
50722
50725
50726
50727
50932
50942
67185
50937
50939
50940
50941
51019
51028
51029
51026
51094
66466
51112
51114
51272
70294
51291
51293
51294
51295
51695
51696
51689
51691
51692
51693
51694
52168
52176
52177
52178
52179
52172
52197
68482
52204
67211
52208
52202
52236
52237
52238
52233
53435
53452
53446
53450
53451
53640
66543
53645
53647
53648
53899
53910
53904
53905
53909
54255
54264
67237
54259
54261
54262
54263
54360
68734
68160
54385
54380
54383
54384
54586
67245
54598
54599
54600
54915
67249
54926
54929
54930
54931
54932
70371
55424
67258
67257
55429
55430
55431
55745
55754
55755
55748
55749
55752
55753
55837
55843
55844
55845
55847
55848
55849
55840
56191
56201
56202
67270
56197
57260
57268
57269
57271
57264
57267
58629
58730
58726
58728
58729
58705
58714
66653
58708
58711
58712
58713
59404
59411
67320
59408
59410
59604
59605
59607
59608
59609
59599
60043
60052
67330
60047
60049
60050
60051
67019
60578
60583
60580
60887
60915
60913
60914
60947
60956
60953
61737
61745
66729
67029
61741
61744
61965
68378
61970
61972
61973
62285
62297
67041
62292
62293
62295
62296
62301
62309
67040
62304
62306
62307
62308
62329
62360
62363
62370
62371
62372
63447
70070
67071
63451
63453
63454
63455
63621
63640
63626
63637
63638
63639
63720
63729
67080
63725
63727
63728
64543
68193
68862
64551
67017
64546
64548
64550
00829
00840
00841
00842
00897
67347
00902
00903
00904
01572
70117
01578
01580
01581
01582
01796
01808
67355
01803
01805
01806
65050
01964
65051
01965
01959
02089
02094
02096
02097
02098
02618
67365
02621
02623
02624
02625
02871
02876
02878
02879
02880
04008
67375
04014
04016
04017
04110
04121
04122
04123
04117
04154
04163
04164
04158
04160
04161
04288
04293
04295
04296
04386
04396
04397
65117
04391
04395
05554
05561
05564
05565
05614
70148
05618
05620
05621
05622
05910
05919
05920
05914
05918
06014
06024
06026
06027
06028
06029
06039
06048
06050
06051
06052
06157
65181
67408
06162
06164
06165
06312
65186
67410
06316
06318
06319
70343
07444
07446
07447
07450
07451
07608
70098
07639
67440
07642
07635
07747
65259
67444
07752
07754
07755
07756
07757
65264
08002
08007
65265
67447
08012
70196
68590
67449
08133
08135
08410
70105
08418
08419
08420
08415
08782
08790
08791
65292
67463
08785
08789
08799
68017
68884
08821
08822
08823
65303
09095
67471
09089
09094
09202
09211
09212
09214
09317
09327
09328
09322
09632
65321
09635
09638
09639
09640
09805
65326
67482
09809
09811
09812
09834
09839
09841
09842
09933
09940
09941
67484
09943
09938
10014
10022
10023
65334
67488
10088
10092
10094
10095
10096
11006
11010
11012
11013
11014
11015
11059
11067
67503
11063
11065
11066
11142
11150
11151
11153
11155
11146
11936
11950
11951
11952
11946
11947
12058
12069
12065
12067
12068
12188
12194
12196
12197
12198
12290
12299
12300
12295
12297
13015
13021
13027
13248
13252
13253
13407
13423
13424
13418
13455
13459
13461
13462
13463
13464
13743
67537
13747
13750
13751
14311
65429
14315
14317
14318
14319
14365
14369
14371
14372
14373
68204
14570
14571
14572
15546
15554
15555
67562
15550
15705
15710
15712
15713
16076
65477
67568
16084
16086
16087
16095
16101
16103
16104
16427
70118
16432
16434
16435
16436
16803
65494
16807
16810
16811
16922
16934
65499
16935
16936
16928
17161
17163
67581
17164
17165
17166
17374
65523
17380
17382
17383
17384
17388
17399
67586
17400
17393
17981
70370
17995
67602
17989
17993
17994
18239
67606
18244
18247
18248
18253
67608
18261
18257
18259
18572
18574
18576
18577
18578
18887
18903
67619
18901
18902
18970
18986
67621
18982
18984
19086
19091
19093
19094
19164
65630
19168
19170
19171
19172
19304
19312
65637
67626
19308
19310
19311
19703
19712
67630
19713
19708
19710
19966
19972
19973
19975
20007
70115
65650
20011
20013
20014
20020
20025
20026
20028
20029
20030
20327
20338
20340
20341
20342
21022
21031
21033
21028
21302
68536
21310
67650
21312
21306
21828
67657
21834
21836
23273
23281
67682
23278
68055
68822
67688
23489
23483
23486
23708
23709
67696
23706
65796
23811
23807
23809
23810
24165
65803
24175
24176
24169
24170
24376
24386
67706
24383
24829
24830
24831
67711
24832
24826
24827
24828
24883
24895
67714
24891
24894
25041
25053
25054
25055
25047
25048
65862
25852
67730
25849
25851
26001
26005
26007
26008
26009
26203
26222
26223
26224
26217
26221
26797
26810
26804
26805
27312
27322
27317
27318
27444
27455
27456
27447
27788
68073
67766
27800
27795
27801
27881
27882
67768
27883
27877
28581
28587
28589
28590
28734
28742
28747
28748
28749
29324
70077
29331
29332
29334
29399
29408
29409
29410
29405
29406
29631
29641
29635
29639
30252
68077
68962
30271
30267
30269
30270
30311
30321
30323
30325
30326
30327
30509
67797
30512
30513
30515
30516
30706
30715
67800
30717
30718
30719
31047
31053
31055
31056
31057
31481
31494
31495
31496
31488
31553
67812
31558
31560
31561
32121
32122
32123
32119
32473
67832
32477
32479
32480
32481
66020
32540
32543
32545
32547
32858
68556
66035
32865
32866
32867
33343
33344
67848
33346
33340
33677
33703
33704
66080
67854
33699
34086
34094
34095
67863
34093
34109
34113
34115
34116
34117
70028
34272
34275
34276
34270
34352
66091
67865
34356
34358
34359
34365
34379
34380
34381
34382
34372
35603
35608
35610
35611
36228
68101
36239
36241
36233
36236
36238
70023
36637
67900
36634
37013
37025
37026
67910
37023
37024
37061
67912
37064
37066
37067
37068
37343
37351
37352
37353
37348
37610
66159
67923
37615
37836
37845
37840
37843
37844
38222
38239
38240
38241
38243
38235
39343
39351
39353
39354
39959
39961
39962
39954
40629
66255
40641
40642
40649
67953
40653
40655
40656
40657
40767
40768
40770
40762
40763
40766
40797
40810
67956
40804
40808
40809
41062
67963
41067
41069
41070
41163
67964
41167
41168
41169
41170
41171
42003
42006
65575
67979
42008
66279
42081
42082
42089
42090
42091
42398
42404
42405
66287
42409
42410
42469
42473
42474
42476
42477
42478
42983
70190
42994
42990
42992
42993
43552
43561
66307
43556
43558
43559
43725
43728
43731
43732
43733
44119
44134
44135
44136
44129
44199
44208
44204
44205
44207
44319
44328
44556
67103
44569
44571
44572
44557
44562
44564
44565
44566
44618
44633
44627
44632
44732
44736
44740
44741
44859
44868
66338
44869
44864
44866
45059
45063
45065
45066
45067
45097
45102
45103
45105
45106
45108
45112
45115
45116
45117
45169
45180
45176
45178
45179
45362
67113
45366
45368
45369
45570
66359
67116
45573
45576
45577
45711
45723
45717
45720
45721
45722
45739
45749
45744
45748
45966
45970
45972
45973
45974
45975
46053
67122
46056
46057
46059
46060
46956
46959
46964
46965
47236
47241
47243
47244
47857
47864
66403
67140
47860
47863
47898
47907
47911
47913
48019
48027
48030
48031
48032
48487
70197
48497
48498
48499
48492
48495
48537
67150
48541
48543
48544
48545
67152
48713
48717
48718
48719
49427
66429
49431
49434
49435
49436
49643
67172
49647
49649
49650
49651
49726
49735
49737
49731
49733
49803
49810
67174
49814
49808
66439
50010
50011
50012
50021
50023
50316
50320
50322
50323
50324
50427
50441
50442
50443
50438
50546
50552
50554
50555
51400
67199
51406
51407
51408
51474
67198
51479
51481
51530
51552
66477
51547
51549
51550
51551
51932
51936
51938
51939
51940
52287
52292
52294
52295
52296
52937
52947
67222
52942
52944
52945
66527
53021
53022
67225
53017
53018
53152
53156
53158
53159
53160
53239
70035
53244
53245
53246
53247
53824
67233
53828
53830
53831
53880
53882
54168
54178
54179
54180
54174
54177
66552
54304
54305
67238
54299
54419
54433
54430
54432
54454
68161
69042
67242
54460
54462
54464
54963
54964
54965
54966
54958
55101
55126
55121
55124
55287
55296
55293
55669
55674
55676
55677
55678
55810
67261
55813
55814
55807
55970
55980
55982
55983
55984
55993
70120
55998
56000
56001
56002
56003
56025
56037
56038
67265
56033
56036
56099
66583
67267
56109
56110
56111
56254
66584
67271
56250
56252
56253
56340
70178
69010
56345
56346
56347
56348
56460
56468
56469
56471
56466
56969
56974
56976
56977
56978
57089
57098
57099
57094
57097
57235
67286
57240
57242
57243
57408
67289
57414
57416
57417
57724
57733
57727
57731
57732
57769
68550
66602
57773
57775
57776
57777
57837
57846
67295
57849
57850
57841
57921
66608
57924
57926
57927
57928
58000
58015
58016
58007
58131
58134
58135
58138
58139
67304
58184
58187
58188
68169
58432
58437
58439
58945
66659
58950
58952
58953
59044
70327
59054
59056
59057
59058
59102
67318
59109
59110
59847
59854
67327
59850
59853
67331
60222
60223
60226
60227
67332
60306
60307
60310
60311
60312
60378
67333
60382
60384
60385
61364
67025
61366
61367
61369
61370
61371
61878
61885
61887
66735
61888
61889
62422
62430
67043
62425
62426
62428
62583
62777
62779
62780
62607
62622
67048
62616
62617
62753
68604
62755
62758
62759
62760
62761
62826
62836
62837
66763
66764
62832
62834
62835
63494
63503
63504
63500
63501
63605
63615
66796
63611
63613
63650
67077
63655
63658
63659
67005
63852
63854
63855
63856
64041
67007
64045
64047
64048
64444
64450
64455
64456
64449
00429
70167
00432
00434
00435
00662
65010
67343
00665
00667
00668
01149
68958
01161
01162
01242
01251
01252
01247
01248
01249
02143
02151
65058
67359
02146
02147
02150
02607
02612
02613
02615
02616
02696
02705
02706
02700
02702
03100
03104
03106
03107
03108
70258
03457
03452
03455
03514
03518
03520
03521
03522
04579
04587
04589
04590
04583
05667
05688
05686
05687
70116
67403
05795
05797
05798
05869
05876
05880
05881
06346
06378
06379
67412
06622
06627
06630
06631
06723
65212
67418
06735
06737
06738
65226
07169
07170
07171
07172
67425
07173
07164
07574
67438
07577
07579
07580
67442
07679
07681
07682
07788
07789
07791
07783
08169
08171
08172
08173
08174
08441
65280
67454
08444
08446
08447
09138
09129
09487
09491
09492
09494
09495
09517
67478
09520
09522
09523
09738
09739
09741
09742
10305
10312
10314
10315
10335
10345
67493
10344
10514
10524
10525
67496
10526
10519
10655
10656
10650
10685
10690
10693
65359
67500
10788
10790
10791
10792
11087
11090
11095
11096
11376
65372
67507
11381
11383
11384
11440
11442
11443
11444
70251
11472
11474
11475
11476
11497
11502
67509
11530
11532
11533
11534
12011
12015
12017
12019
12020
12071
12075
12077
12078
12079
13040
13045
13047
13048
13049
13513
13533
13535
13536
14253
14257
14263
14265
14266
14267
65433
14579
14581
14582
14583
14584
15209
70161
15216
15218
15219
15292
15300
15302
15295
15473
15478
15480
15481
15576
15585
65464
67564
15586
15581
16155
16167
16168
67571
16162
16165
16225
16239
16241
16236
16237
16330
16326
16329
16332
67570
16342
16350
16353
16356
16357
16358
16382
16385
16387
16388
16389
16529
16531
16565
16568
16569
65518
68356
68037
17303
17306
17895
65547
67597
17898
17899
17900
18108
18117
18118
18111
18115
18116
18418
18421
18422
18719
67615
18722
18725
18726
19044
19056
19057
19053
19055
19218
19227
19228
19229
19225
19611
19618
19620
19621
19622
20197
65656
67633
20199
20200
20202
20203
20621
20630
67638
20631
20624
20626
20765
20769
20771
20772
68234
20927
20930
20931
21008
21012
21014
21015
21104
65685
21106
21486
65699
21496
21490
21492
68946
22249
22251
22242
22408
22414
22416
22453
22458
22460
22462
22479
22488
22489
22484
22486
22487
23002
70319
23011
23012
65762
23008
67683
23201
23204
23205
23799
23859
23855
23838
23843
23845
23846
23847
23900
70044
23906
23909
67699
23910
23913
23986
67701
23989
23991
23992
23993
24258
24259
24252
24256
24257
24514
65815
24517
24520
24522
24679
24684
24686
24687
65821
24744
24745
24746
25166
25174
67720
25170
25172
25568
70248
25578
25575
25939
25943
25944
25947
25948
26079
26084
26085
26087
26088
26089
26906
67749
26918
26921
26958
65885
67751
26961
26964
26965
27085
27086
67753
27087
27081
27093
27098
27100
27101
27102
27185
67756
27189
27191
27192
68860
27378
27380
27381
27382
27432
67763
27437
27438
27440
27441
65895
67762
27636
27638
27639
27664
27670
27672
27673
27821
67767
27825
27828
27829
28248
65909
28262
28265
28266
28267
28386
28396
28397
67780
28391
28875
28885
28886
28879
28880
29617
29618
29620
29621
68308
30177
30180
30256
67795
30259
30261
30262
30564
30567
30749
30752
67801
30754
30755
31092
67806
31097
31098
31251
31259
67808
31262
31264
65989
31571
31572
67813
31567
31975
31984
66006
31980
31983
32552
66021
32556
32558
32559
66028
32726
32730
32732
32735
32822
32826
32829
32830
32869
32879
32882
32883
32884
33373
66073
33378
33380
33765
67856
33769
33771
33807
33809
33810
33811
33812
34396
66092
67868
34399
34401
34402
34508
70208
34513
34515
34516
68097
34546
34548
34549
34550
34698
34708
34709
34704
35207
35213
35215
35216
35267
67879
35547
35549
35550
35886
35891
35892
35893
35962
35974
35970
66123
67895
36120
36122
36123
36124
36413
36422
67898
36418
36420
36421
36712
36716
36718
36719
36720
37266
37276
37277
37278
67921
37486
37487
37490
38828
38849
67938
38843
39359
39363
39365
39366
39368
39377
39380
39381
39383
39384
39385
39424
39429
39431
39432
39672
70169
39842
39844
39845
39873
39876
39880
39881
40049
70183
40053
40055
40056
70053
40401
40406
40407
40409
40576
66253
40580
40582
40583
41477
41484
41486
41487
41970
67977
41978
41980
41981
41982
42551
42556
42558
42560
42564
67980
42568
42570
42571
42577
42591
66291
42596
42597
42587
42662
67983
42674
42676
42677
43110
43119
43120
43124
43118
43375
43383
43386
43388
43695
67091
43699
43701
43702
43703
43808
70365
66313
43811
43813
43814
44232
68388
44242
44236
44239
44440
44444
44446
44447
44448
66341
44952
44954
44955
44956
45323
45326
45328
45329
45330
45447
45452
45454
45455
45869
45871
45872
45873
46326
70354
46335
46336
46332
46334
46587
46591
46594
46595
46596
46862
46866
46869
46870
47037
66384
67130
47041
47043
47295
47303
47304
47306
47307
47329
70126
47334
47336
47337
47348
47366
47360
47361
47363
47364
47371
47386
47387
47449
47452
47454
47455
47456
47457
47638
67137
47644
47729
47738
66399
47735
47837
47845
47849
47851
47842
48164
67144
48170
48172
48175
48304
48336
48378
67146
48375
48377
48403
66412
48407
48409
48411
48556
67151
48559
48561
48562
48563
48885
48892
48895
48896
48897
49148
49151
49153
49154
49155
49156
49317
49321
49322
49323
49324
49941
49935
49937
49938
49939
50243
50247
50248
50250
50252
50397
50400
50401
50403
50405
50528
50537
50533
50535
50536
50619
50621
50622
50623
50825
67184
50829
50831
50832
50918
50950
50953
50954
50956
50959
50961
50962
50964
70072
51200
51201
51202
51203
51204
51657
51665
67200
51667
51661
51737
51738
51732
51733
51787
51810
67205
51805
51808
51956
51958
51959
51960
52081
52084
52085
52088
52089
52102
52106
52109
52110
52137
66502
52145
52146
52149
52150
70289
52354
52347
52350
52351
52440
52441
52442
52431
52432
52602
52605
52607
52608
52609
52763
67219
52766
52768
52769
52770
52792
67220
52801
52802
53664
53669
53673
53675
54350
67239
54351
54352
54607
54611
54615
54616
67251
55114
55542
67259
55538
55552
55556
55558
55559
55560
55633
55639
55642
55643
55644
56046
56050
56053
56054
56288
67272
56290
56283
56285
56286
67273
56389
56391
56392
56393
56394
56422
56428
56430
56781
56785
56786
56787
56870
56877
56879
56880
56881
57203
67285
57207
57209
57210
57211
57482
57491
57492
57488
57611
57614
57615
57616
57873
57882
57883
57877
57881
58273
58277
58279
58280
58281
58574
58576
58577
58578
58581
58582
58619
66650
58622
58624
58625
58626
58886
58912
58914
58915
58893
66657
67315
58898
58900
58902
59028
59035
59036
59038
59039
59070
59081
59082
59075
59225
59234
59236
66663
59237
59230
59722
67325
59726
59728
59729
59734
59742
59743
66676
59744
59740
59783
67326
59794
59796
59797
59827
59832
59835
59836
60500
70168
60530
60531
60525
61439
67026
61445
61447
61448
61449
62187
66744
62198
62200
62202
62203
62515
62520
62522
62523
62524
62569
62577
67046
62573
62576
62817
62820
62822
62823
62824
63116
63123
63125
63126
63308
63313
63315
63316
63376
63379
63382
63383
63555
67074
63557
63561
63562
63563
63688
70112
63692
63694
63820
66806
63823
63825
63826
63827
63884
63888
63890
63891
64000
64006
64010
64011
64012
64013
64002
00295
66039
01613
01614
01615
02123
02131
00333
00337
00340
00341
00374
00378
00383
00384
67344
00691
00693
00694
67345
00857
00858
00867
00870
00873
00874
00886
68450
00893
01016
01020
67348
01021
01024
01322
01325
01327
01372
01375
01379
01381
01472
01475
01478
01479
01504
01513
01514
01515
01509
01596
01601
01603
01604
01605
01651
01652
01653
01644
01645
01828
01833
01837
01838
01839
01873
01877
01879
01880
01921
69090
01925
01927
65063
02275
67358
02284
02285
02556
02562
02563
02863
65081
02866
02869
02870
02914
02916
02968
02972
02974
02975
03067
03071
03072
03074
03150
03157
03159
03161
03199
03203
03206
03207
03380
03385
03387
03389
03489
65098
03492
03494
03495
03752
03760
03762
03763
03992
04001
04005
04007
04097
04103
04105
04106
04225
04229
04231
04232
04323
04328
04329
04332
04354
65116
04357
04360
04361
66040
04466
04467
06123
06124
04530
04534
04535
04536
04537
05366
05370
05371
05373
05374
05776
05784
05850
05851
06146
06139
06143
06144
06145
68008
68752
69076
06217
06218
06602
06616
06619
06620
07032
65224
67422
07035
07037
07038
07467
65246
67435
07501
07503
07768
07770
07771
07772
07883
07884
07886
07876
08114
67448
08109
08112
08113
08181
08186
08187
08467
65281
08471
08473
08474
08532
67455
08534
08537
08538
70081
67456
08548
08630
08633
08634
08638
08640
08641
08642
08646
08648
08649
67464
08828
08829
08830
08978
65302
67472
08984
08985
09215
70201
09224
09217
09219
09222
09620
65320
09630
09631
09710
65322
09714
09717
10004
10009
10012
10013
10603
10606
10607
10810
10820
65360
10815
10816
11839
11884
11879
65558
12099
12107
12108
12109
12102
12219
12221
12213
12400
12408
65392
67521
12405
12407
12411
65393
12419
12420
12421
12607
12610
12615
12618
12619
12648
12655
12656
12674
12677
12679
12680
12694
12703
12704
12697
12699
12806
12813
12815
12986
12988
12991
12992
12993
12994
13604
70157
13622
13624
13725
13740
13736
14055
67544
14057
14050
14125
14130
14132
14133
14156
14160
14161
14164
65442
14738
14740
14741
14732
15017
15021
15023
15025
15118
15120
15114
15115
15143
15144
15146
15182
15190
15192
15197
15199
15634
15636
15637
15638
15647
70111
65466
15651
15840
15846
15847
15848
15850
15901
15902
15905
15906
15907
16001
16006
16008
16009
16267
16271
16273
16274
16392
70374
16399
16400
16634
16645
16646
16699
16705
16706
16708
16709
16980
16985
16987
16988
17031
17042
17357
17358
17359
17360
65522
67584
17363
17365
17455
17459
17461
17462
18373
18375
18376
18377
18424
65606
18430
18431
18432
18477
18478
18480
18481
18482
65614
18551
18556
18557
65633
19187
19188
19189
19190
67622
19195
19196
19197
19199
67623
19206
19207
19392
67627
19396
19398
19502
19508
19510
19653
19658
19659
19660
19739
67632
19744
19747
19748
19812
19817
70040
69070
19820
20310
20321
20322
20317
20320
20601
20635
20636
67639
20664
20666
20667
20860
20871
20872
21085
21088
21090
21091
21092
21355
67651
21359
21361
21363
21368
21372
21374
21375
21376
21816
21823
21825
21826
22509
22513
22515
22516
22609
22613
22615
22840
67676
22845
22847
22848
67679
22931
23237
23241
23245
23246
23395
23414
23415
65778
23416
23411
23469
23472
23475
24013
24018
24021
24022
65802
24127
67705
24133
24134
24137
24138
24139
24267
65805
24270
24273
24274
24328
24337
24371
24373
24374
24375
24604
24597
24599
24601
24978
24995
24997
67717
68668
25424
25425
25426
25427
25503
25515
65850
67727
25513
25869
68063
25873
25875
25876
26010
67736
26014
26017
26018
26135
69062
67738
26140
26141
26584
68066
26592
26593
27536
27537
27539
27540
27541
27542
27552
27554
27555
27558
27559
27835
27848
65898
65899
27849
27850
28412
28418
28419
28420
28673
65919
28678
28682
28683
29275
29280
29282
29283
29284
29561
29567
29789
29795
29796
29797
29798
29841
29845
29848
29849
29961
29964
29966
29967
29976
29981
29984
29986
30215
30218
30220
30221
30222
30223
30277
30287
30288
30289
65962
30524
30525
30527
30528
30870
30881
30877
30917
30922
30924
30926
31179
31184
31185
31186
31345
31349
31351
31353
31441
67811
31446
31447
31456
31459
31461
31462
31463
31588
31595
31599
31600
31832
67819
31835
31837
31838
31874
31886
31880
31883
31884
31885
32189
32197
66009
67825
33169
33171
33172
33235
33246
33244
33402
33405
33406
33409
33410
33422
67850
33425
33427
33429
33650
33654
33656
33657
33658
34686
66100
34689
34691
34692
35188
35197
35198
35192
35196
35573
35577
35579
35581
35769
35770
35764
35768
35796
35806
35807
67888
35805
35922
35929
35930
35931
36461
36462
36455
36743
36746
36748
36749
36750
70092
37005
37007
37008
37669
37688
37689
37690
38042
38046
38048
38298
38302
38303
38304
38397
38402
38642
38645
38647
38648
38972
38976
38978
38980
39114
67941
39119
39120
39371
39373
39374
39375
39674
39681
39685
39686
40226
40233
40236
40568
40569
40562
40658
67955
40662
40664
40701
66054
42514
42515
42516
41054
67962
41057
41059
41060
41077
41081
41083
41084
41093
41096
41098
41099
41579
68128
68872
41583
41585
41643
67969
41655
41658
41659
41692
66272
41695
41697
41698
42036
42043
67978
42213
42216
42218
42219
42220
42316
42317
42318
42311
42378
70138
42380
42382
42543
42546
42547
42663
42666
42668
42669
42670
42938
42947
67992
42946
43087
43089
43090
43082
43253
43259
43260
43261
43364
43372
43373
43593
66309
43597
43599
43799
43803
43805
43806
43807
43995
43996
43992
44010
44011
44003
44004
44096
44099
44102
44103
44137
44150
44152
44153
44140
67096
44142
44144
44145
44146
44213
68490
44222
44225
44226
44227
44394
44399
44401
44402
66331
44540
44542
44543
44544
44582
44589
44592
44593
44781
44783
44789
44792
44795
44796
67109
44908
44911
44912
45050
45053
45055
45056
45057
45089
45093
45095
45096
45823
45825
45826
46489
46494
46496
46497
46505
46506
46750
46761
46762
46757
46773
46794
46796
46797
46774
46778
46781
46783
47025
47031
47033
47034
47058
67131
47061
47064
47066
47220
66389
67133
47223
47225
47269
47275
47278
47279
47439
47443
47445
47447
47552
47556
47559
47561
47647
47649
47650
47651
47652
48072
66407
48075
48076
48078
48264
48275
48276
48278
48279
48339
48342
48343
48345
48346
48687
48689
48690
48691
49005
49003
49006
48998
49341
49344
49346
49348
49349
49357
49361
49363
49364
49365
49666
65577
49670
49671
49674
49675
50356
50372
50371
50449
50455
50457
50459
50460
50703
70307
66458
50706
50708
50809
50816
50818
50819
50890
50903
67186
50904
50898
51163
51165
51157
51273
67194
51277
51280
51281
51725
67203
51726
51747
51753
51756
51757
51873
51875
51876
52045
52048
52050
52051
52053
67208
52074
52075
52076
52156
52167
52165
52213
52219
52220
52221
52372
52380
52382
52376
52379
52659
52664
52666
52668
52683
52690
52693
52694
52873
52875
52876
52877
52990
52998
66526
53000
52995
53217
70127
53219
53221
53222
53223
53260
53263
53266
53267
53346
53348
53461
53462
53464
68750
53567
53569
53570
53611
53624
53625
53626
53733
53739
53743
53744
53774
53777
53778
54001
54011
67234
54014
54006
54120
54123
54124
54362
54367
54369
54370
54529
54532
54534
54535
54536
54761
54765
54767
54768
54788
54789
66555
54791
54782
55190
55192
55193
55194
55195
56072
67266
56074
56075
56077
56078
56270
56275
56277
56279
56368
56369
56374
56480
67274
56483
56487
56488
56765
56770
68816
68164
56774
57171
57173
57174
57175
70056
57328
57329
57367
57370
57374
57375
57599
57602
57603
57705
69026
67298
57711
57712
57742
57753
57755
57756
57743
57747
57749
57750
57899
57900
57901
57894
58070
58079
66628
58080
58074
58251
58255
58257
58258
58610
66649
58615
58616
58819
58825
58828
58829
58833
58837
58839
58840
58968
67316
58978
58983
59131
59134
59136
59137
59138
59139
59348
59351
59355
59379
59385
59387
59388
59389
60056
60060
60061
60064
68438
60164
60157
60162
60720
60730
60729
61232
61240
61241
61238
61239
61825
61828
61830
61831
62086
70171
67035
62091
62093
62142
62147
62149
62150
66745
62193
62194
62195
67037
62232
62235
62236
62343
62344
62345
62346
62347
62348
62349
62794
62795
62797
62942
62938
62941
62951
66772
67060
62954
62956
63597
63601
63602
63604
63687
67079
63698
63779
63782
63784
63785
63916
63919
63921
63922
63972
63976
63978
00581
65006
00587
67346
00850
00851
00950
00951
01062
01067
01069
01075
01077
01078
01079
65020
01102
01106
01107
01124
01127
01121
01224
01228
01230
01231
01263
01267
01269
65037
67353
01587
01625
01628
02011
02013
02014
02432
02433
02435
02484
02488
02491
02492
02634
02652
02653
02646
02850
02853
02855
02856
03089
03094
03311
03317
03320
03750
03767
03771
03797
03801
03804
03805
04049
04052
04054
04055
04128
04131
04133
04134
04135
04138
04140
04141
04204
04205
04207
04216
04220
04222
04223
04300
04303
04305
04307
04363
04367
04370
04371
04372
04374
04377
04379
04380
68886
67388
04973
04975
05016
05024
05025
05215
05218
05220
65149
70094
67395
05363
05364
05986
05991
05992
05997
06007
06000
06077
65180
06087
06298
67409
06301
06302
06790
06793
06794
06924
06926
06927
06928
06967
06976
06971
06974
07115
07120
07116
07121
07117
07126
70227
07129
07131
07425
07432
07434
07435
07516
07511
07513
07523
07529
07531
07532
07611
70093
67441
07627
07629
07630
07701
07704
07705
07706
07715
07717
07719
07720
07721
07860
07863
07865
07866
08091
08094
08095
08300
08304
08306
08308
08342
08345
08511
08516
08517
08776
08778
08779
08780
08888
08892
08894
08971
08974
09079
09082
09083
09084
09085
09256
09263
09264
09504
09506
09507
10249
65344
10253
10254
10295
10299
10301
10388
67494
10390
10392
10393
10608
10610
10613
10614
10673
10681
10683
10684
11113
11106
11107
11112
11292
11293
11288
11412
11415
11416
11421
11423
11424
11688
11691
11692
11693
11929
11932
11934
11935
11974
11977
11978
11996
11998
11999
12000
12004
12007
12010
12022
12026
12028
12160
12162
12163
12164
12387
12393
12395
12396
67523
12639
12640
12641
12749
12757
12760
12761
12822
12825
12826
12863
12857
12858
12861
12941
12944
12946
12947
13089
13090
13110
13112
13113
13114
13222
13225
13226
13227
13228
13498
13502
13503
13507
67533
13511
13512
13821
13823
13824
67541
13879
13883
67543
14012
14014
14015
14101
14104
14106
14107
14205
14207
14209
14211
14390
67547
14392
14394
14395
14396
14431
14435
14436
14438
66042
14553
15999
16000
14601
14605
14607
14608
14634
67551
14637
14644
14649
14650
14655
14657
14772
14775
14776
14777
14778
67554
14956
14957
14960
14965
14967
14968
14980
14982
14983
14984
15397
15404
15407
15447
15451
15452
15453
15691
15696
15698
15741
65468
15752
15755
15874
70199
15877
15879
15880
15956
67566
15961
15962
16117
67569
16112
16116
16211
16214
16219
16220
16313
16318
16319
16505
16510
16511
16540
16543
16545
16546
70110
16637
16638
16639
16874
16879
16880
16949
16958
16956
16957
17208
17213
17214
17511
17520
17521
17513
17518
17531
17533
17534
17535
17561
17563
17564
17885
17888
17879
17889
17958
65552
17965
17978
17979
18039
18041
18042
18043
18074
18075
18090
18093
18094
18096
18107
66043
18536
18537
18640
18649
65617
18643
18646
18647
18731
18733
18734
18755
18758
18760
18761
18854
18859
18860
18861
18939
18948
18950
19198
19216
19217
19301
19302
19303
67629
19516
19851
19854
19857
19929
19932
19935
19909
65649
19913
19916
20108
20114
20115
20258
20259
20261
20262
20455
20458
20460
20508
20514
20515
20670
66044
21571
21572
20840
20841
20842
20965
20970
20971
20972
20973
68588
21526
21528
21529
21837
21840
21842
21843
68049
68648
21926
21929
22017
22018
67664
22019
22012
65726
21998
22000
22003
22193
22196
22356
22361
22363
22783
22775
22776
22973
22977
22980
23029
23038
23034
23432
23434
23426
23431
23649
23651
23652
23959
66045
24526
24527
24042
24045
24047
24048
65804
24199
67704
24201
24203
24346
24348
24349
65814
24501
24503
24539
24551
24554
24555
25270
65841
25278
25281
25282
25352
25355
25356
25521
25529
68502
68062
25715
25717
25719
25721
26065
26066
26068
26069
26074
66046
27358
27359
65877
26472
26466
26467
26468
68948
26486
26488
65883
26934
26936
26937
27017
27021
27023
27485
27489
27490
27491
27492
27752
27754
27747
27915
27941
27944
27945
28050
28069
28059
28088
28089
28096
28285
28290
28295
28296
28557
66047
28793
28794
28823
28810
28826
28827
28811
28816
28818
65925
67787
29009
29011
29461
29464
29467
29468
29899
29902
29903
29922
29925
70182
30300
30302
30304
30582
30588
30589
30603
67798
30600
30601
30820
66048
31103
31104
31072
31082
31216
31219
31222
31223
31234
31238
31239
31297
31306
31302
31304
31436
66049
31586
31587
31621
67814
31620
31690
31692
31693
32048
32051
32052
32092
32096
32100
67824
32104
32275
32279
32280
32419
32423
32426
32427
32519
32530
32524
32561
66022
32565
32566
32567
32576
32579
32573
32752
32756
32758
32759
32902
32914
32917
32918
32999
33004
33005
33041
33045
33046
33047
33061
33065
33067
33068
33069
33517
68094
68596
33520
33521
33607
33616
33610
33613
33615
33848
67859
33855
33856
33858
33880
68976
67860
33883
33884
33979
33982
33985
33986
34336
66051
35900
35901
35309
35310
35311
35312
35313
35554
35559
35560
35566
35569
35571
35572
35673
35681
35678
35680
67891
35934
35936
35937
35994
35991
35993
36036
36039
36041
36042
36141
36144
36145
36146
36398
36401
36403
36404
36487
70202
67899
36491
36803
36806
36807
36808
36907
36908
36910
36904
36974
36975
37302
37307
37309
37310
37512
66052
38268
38269
37644
37649
37651
37652
37827
37830
37832
37833
37930
37940
37935
37937
37938
38206
38213
67930
38216
38375
38377
38378
38700
38703
38705
38706
38948
68530
67936
38874
38878
39068
39069
39072
39073
39074
39078
39081
39082
39147
66053
39556
39557
39197
39200
39202
39203
39258
39288
39290
39291
39333
39336
39338
39339
39386
39391
39392
39646
39648
39650
39651
39652
40093
40246
40241
40243
40094
40104
67948
40100
40340
40344
40346
40347
40527
40530
40725
40727
40728
40827
40832
40833
41256
41264
41266
41267
41560
41561
41563
41650
41704
41707
41709
41710
41771
41776
41779
41780
41810
41813
41815
41816
41895
41901
67973
41903
41904
41906
41907
42136
42144
42145
42148
42508
42601
42610
42611
42760
42763
42766
42767
43146
43148
43150
43151
43509
43512
43513
67087
43542
43673
43676
43677
43885
43882
43883
43876
43880
43881
43944
43947
43950
44018
44021
44022
44024
44166
44175
44171
44181
44182
44183
44187
44189
44296
44297
44300
44302
44303
67101
44489
44490
44522
44525
44527
44528
44529
44530
44533
44535
44536
44537
44548
44553
44555
44714
44718
44720
44721
44810
44813
44816
44817
44842
44846
44848
44849
44957
44959
44960
44961
44963
44969
44972
44974
44975
45163
67112
45165
45167
45168
45186
45197
45198
45199
45222
45224
45412
45414
45415
45416
45421
45422
45424
45425
45467
45470
45472
45473
45524
45527
45532
45595
66055
45600
45601
45636
66360
45641
45651
45654
45657
45658
45672
45673
45666
45829
66056
47986
47987
45927
45930
45935
45936
46164
46167
46172
46173
46310
46316
46318
46319
46576
46577
46579
46580
46605
46608
46610
46611
46656
46665
46929
46931
46932
47079
47082
47083
47092
66385
47097
47135
47141
47142
47341
47344
47346
47347
47478
47481
47483
47484
47565
47571
47573
47574
47721
47723
47725
47726
47727
47802
47808
47810
48297
48300
48302
48303
48305
48312
48313
66417
70344
48524
48526
48568
48571
48573
48729
48735
48737
48933
66057
51429
51430
49088
49091
49094
49412
67163
49418
49421
67166
49461
49462
49464
49465
49776
49782
49784
49785
49786
49884
49890
49901
49904
50192
50193
50194
50200
50201
50465
50474
50578
50583
50586
50587
51299
51302
51304
51305
51306
51312
67196
51314
51316
51317
51771
51828
51830
51831
51795
51797
51799
51800
51801
51985
51986
52114
68470
67209
52125
52127
52128
52180
52182
52183
52188
67218
52652
52653
52654
52655
52656
53035
53040
53042
53122
53124
53125
53126
53177
53181
53183
53201
53202
53203
53228
53232
53234
53235
53251
53254
53256
53257
53402
53407
53409
53848
53853
53856
53917
53923
53925
53926
66549
54091
54094
54095
54141
54146
54188
54192
54194
54195
54253
54254
54661
54665
54672
54666
54668
54670
54804
54806
54808
54809
54810
54829
54837
67247
54831
54838
54842
54844
54845
55322
55325
55327
55328
55626
70160
55630
55632
55865
55870
55871
55914
55915
55916
55917
56113
56116
56118
56119
56168
56177
56179
56180
56358
56360
56546
66058
58326
58327
56788
56794
56797
56798
57254
57256
57257
57344
57350
57352
57353
57354
57394
57396
57397
57361
57379
57381
57382
57385
57542
57551
57552
57566
57569
57571
57572
66596
67291
57604
66597
57607
57609
57610
57818
57821
57823
57824
58236
58246
58247
58663
67312
58666
58669
58743
58747
58749
58750
58768
58771
58773
58774
59000
59004
59006
59120
59125
59129
59672
59673
59668
59671
59841
59845
59846
59969
66684
59989
59993
59996
68518
60072
67329
60073
60074
60075
60338
66059
60361
60362
60701
60709
60966
60969
60972
60973
61130
66060
61564
61565
61134
61137
61139
61140
61187
61190
61192
61193
61219
61223
61225
61226
66718
61248
61250
61251
66722
61511
61515
61587
61591
61594
61595
61696
61698
61702
61845
66733
61849
61851
61871
61872
61875
61946
67030
62032
66061
63277
63278
62384
70137
62398
62487
62491
62493
62781
70104
67053
62784
62785
63045
63048
63049
63050
63185
67065
63187
63189
63190